No. 1	IRL			No Haptic			Haptic		
	1	2	3	4	5	6	7	8	9			0 = gj
No. 2	Haptic			No Haptic			IRL		
	4	5	7	9	3	2	8	6	1			10 = pt 1 hs
No. 3	No Haptic			IRL			Haptic		
	3	4	1	5	8	2	7	9	6			11 = pt 2 hs
No. 4	IRL			Haptic			No Haptic		
	8	9	2	6	4	5	7	3	1			12 = pt 3 hs
No. 5	Haptic			IRL			No Haptic		
	6	1	7	8	2	3	9	5	4			13 = pt 1 irl
No. 6	No Haptic			IRL			Haptic		
	1	6	9	4	7	2	3	5	8			14 = pt 2 irl
No. 7	Haptic			IRL			No Haptic		
	6	3	7	5	9	1	2	4	8			15 = pt 3 irl
No. 8	IRL			No Haptic			Haptic		
	9	2	8	6	7	3	1	4	5
No. 9	No Haptic			Haptic			IRL		
	4	9	8	7	6	5	1	3	2
No. 10	Haptic			No Haptic			IRL		
	5	8	6	2	7	9	3	4	1
No. 11	No Haptic			Haptic			IRL		
	7	9	3	4	8	5	6	2	1
No. 12	IRL			Haptic			No Haptic		
	5	6	4	7	9	1	8	3	2

1 & 2 are done

3,1:
3, 0, 4, 0, 1, 10

3,2:
5, 0, 8, 0, 2, 14

3,3:
7, 0, 9, 0, 6, 12

4, 1:
8, 0, 9, 0, 2, 13

4,2:
6, 0, 4, 0, 5, 11

4, 3:
7, 0, 3, 0, 1, 12

5, 1:
6, 0, 1, 0, 7, 10

5, 2:
8, 0, 2, 0, 3, 14

5, 3:
9, 0, 5, 0, 4, 12

6,1:
1, 0, 6, 0, 9, 10

6, 2:
4, 0, 7, 0, 2, 14 

6, 3:
3, 0, 5, 0, 8, 12

7, 1:
6, 0, 3, 0, 7, 10

7, 2:
5, 0, 9, 0, 1, 14

7, 3:
2, 0, 4, 0, 8, 12

8, 1:
9, 0, 2, 0, 8, 13

8,2:
6, 0, 7, 0, 3, 11

8,3:
1, 0, 4, 0, 5, 12

9, 1:
4, 0, 9, 0, 8, 10

9,2:
7, 0, 6, 0, 5, 11

9,3:
1, 0, 3, 0, 2, 15

10,1:
5, 0, 8, 0, 6, 10

10,2:
2, 0, , 0, 9, 11

10,3:
3, 0, 4, 0, 1, 15

11,1:
7, 0, 9, 0, 3, 10

11,2:
4, 0, 8, 0, 5, 11

11,3:
6, 0, 2, 0, 1, 15

12,1:
5, 0, 6, 0, 4, 13

12,2:
7, 0, 9, 0, 1, 11

12,3:
8, 0, 3, 0, 2, 12